830 10439 1
1228 248 1
1636 298 1
606 3021 1
149 3355 1
1875 180 1
93 255 1
566 106 1
520 4608 1
1534 549 1
1459 105 1
848 449 1
913 1169 1
1576 249 1
320 666 1
630 564 1
186 1908 1
1662 5380 1
586 206 1
1247 3220 1
1037 16 1
596 8462 1
1517 8358 1
227 239 1
69 17 1
69 1960 1
1761 16855 1
1576 867 1
1749 16784 1
430 19 1
778 6855 1
974 682 1
580 8323 1
1626 3283 1
296 5332 1
542 5349 1
250 256 1
650 6961 1
164 3564 1
1013 6598 1
174 139 1
1732 909 1
298 5348 1
258 139 1
318 411 1
78 383 1
1204 568 1
267 244 1
1746 176 1
1653 183 1
1704 3705 1
1457 14 1
542 717 1
1407 452 1
981 245 1
1505 554 1
390 247 1
1002 4814 1
1318 8037 1
367 6154 1
767 1369 1
732 106 1
926 421 1
1541 161 1
1865 378 1
298 3981 1
778 1668 1
286 3805 1
939 701 1
1606 3718 1
996 4557 1
1644 2435 1
649 2620 1
1114 424 1
172 3691 1
1463 5871 1
1692 1200 1
942 106 1
781 14 1
425 6786 1
55 1418 1
1443 665 1
1212 174 1
1104 370 1
1423 429 1
1732 990 1
1192 2768 1
1296 13047 1
1367 410 1
723 248 1
1543 176 1
405 1469 1
1396 1106 1
1833 1384 1
1377 16 1
61 1808 1
1015 662 1
131 239 1
636 4541 1
1018 3228 1
1270 2569 1
1519 419 1
663 3950 1
1544 6660 1
237 1365 1
1401 1435 1
1665 496 1
319 5604 1
872 4498 1
826 5196 1
1362 391 1
465 476 1
1495 695 1
1608 1057 1
298 5359 1
114 886 1
1659 6140 1
1825 3199 1
507 373 1
1275 411 1
1712 1633 1
1127 916 1
841 685 1
508 7555 1
172 2981 1
1311 416 1
1667 270 1
8 397 1
647 120 1
1547 30 1
1585 449 1
491 1328 1
97 2562 1
810 6779 1
1245 282 1
790 3414 1
1374 1359 1
940 933 1
1269 4738 1
1318 278 1
341 2143 1
340 1506 1
1607 112 1
323 2650 1
1798 1393 1
1790 636 1
100 2613 1
1596 374 1
1384 488 1
153 214 1
969 740 1
1207 1563 1
1131 2761 1
966 11433 1
673 376 1
1599 1766 1
1439 477 1
1508 1945 1
1122 112 1
1366 749 1
1787 1994 1
1319 3220 1
1210 695 1
1485 38 1
1736 16638 1
1273 2541 1
901 16 1
53 1604 1
1405 130 1
1685 122 1
1307 249 1
1083 2226 1
1735 816 1
579 565 1
63 21 1
133 3152 1
290 5251 1
1025 11831 1
218 244 1
1729 258 1
549 752 1
1534 15250 1
522 7728 1
1039 11955 1
377 4164 1
1099 12461 1
1338 2537 1
1234 2788 1
1629 15855 1
1691 630 1
597 0 1
1419 851 1
453 7084 1
80 2288 1
1068 739 1
2 109 1
374 447 1
589 368 1
155 38 1
1400 400 1
1506 15079 1
1606 3965 1
1080 3841 1
1853 3918 1
1317 38 1
121 490 1
325 676 1
1578 14982 1
26 985 1
222 425 1
1569 436 1
1648 763 1
20 820 1
320 799 1
1077 3140 1
1695 2702 1
1564 873 1
678 9236 1
957 3261 1
1530 386 1
886 420 1
298 5354 1
1061 12192 1
861 816 1
1754 21 1
1346 3956 1
592 240 1
1621 327 1
1841 664 1
1751 1790 1
1434 411 1
1273 1473 1
1508 1317 1
1153 6290 1
477 7321 1
853 10583 1
1691 293 1
1010 2283 1
292 3615 1
1083 37 1
325 353 1
480 1473 1
1331 1447 1
859 136 1
1316 2113 1
1643 481 1
617 122 1
682 580 1
1109 178 1
1481 1811 1
1664 1946 1
637 161 1
1272 3614 1
500 633 1
1529 3256 1
402 166 1
865 10715 1
591 2284 1
413 964 1
726 418 1
672 1372 1
62 439 1
192 4002 1
1252 3005 1
16 667 1
1019 11792 1
171 183 1
1561 178 1
641 8895 1
1712 5709 1
847 380 1
919 11154 1
386 240 1
1127 2317 1
749 362 1
946 7782 1
851 10575 1
346 2508 1
1736 9310 1
544 7966 1
1145 12850 1
157 3488 1
1483 14918 1
409 6569 1
776 2112 1
46 1458 1
903 232 1
1199 13146 1
516 7663 1
44 282 1
1396 14 1
1581 4436 1
1670 272 1
1062 895 1
1868 7154 1
608 2489 1
519 7707 1
1803 115 1
792 249 1
1766 10175 1
969 494 1
922 1655 1
73 156 1
1796 549 1
409 4605 1
1267 255 1
693 959 1
165 2391 1
1301 232 1
1620 5647 1
707 122 1
401 6472 1
1671 630 1
259 922 1
484 7403 1
1440 10478 1
1633 658 1
238 4592 1
1820 177 1
1875 10298 1
129 336 1
845 10522 1
705 301 1
1193 2345 1
145 3299 1
1005 666 1
699 2409 1
1194 2081 1
1654 14 1
1586 147 1
1082 4040 1
1580 38 1
1506 552 1
658 2725 1
8 385 1
113 327 1
1610 5646 1
1028 639 1
1492 152 1
1261 629 1
150 3382 1
830 4050 1
641 481 1
1787 1633 1
245 456 1
594 2717 1
170 3622 1
1073 4467 1
1231 2555 1
193 487 1
298 3995 1
1370 3375 1
912 11106 1
574 8277 1
1768 4653 1
431 461 1
875 157 1
820 10359 1
382 6282 1
291 5278 1
708 916 1
1244 3218 1
292 5294 1
1476 255 1
1157 1331 1
990 2015 1
1090 11689 1
988 274 1
1668 16034 1
1751 16796 1
355 1375 1
1203 47 1
548 1232 1
1534 11509 1
527 21 1
1353 14127 1
1435 1508 1
102 2668 1
392 992 1
94 2068 1
1296 12315 1
886 3310 1
723 9569 1
76 2130 1
516 7660 1
931 108 1
457 145 1
811 1388 1
638 139 1
1067 247 1
451 177 1
761 9930 1
23 899 1
707 1103 1
219 4339 1
450 7056 1
185 542 1
683 4 1
1181 293 1
119 19 1
1889 461 1
1560 807 1
995 11623 1
971 11449 1
65 1588 1
1098 3082 1
1076 496 1
513 2202 1
221 3325 1
1045 2582 1
766 2461 1
1544 798 1
1726 147 1
1007 691 1
1823 270 1
1635 15625 1
1838 9657 1
1703 439 1
1133 665 1
1764 16869 1
1374 2748 1
261 7 1
824 1924 1
1566 414 1
614 8693 1
1054 5202 1
1866 169 1
1115 184 1
1492 14963 1
341 1607 1
265 4917 1
392 416 1
1207 46 1
1572 131 1
874 10775 1
363 1413 1
1325 260 1
1368 1108 1
944 11274 1
903 249 1
57 1700 1
945 11289 1
404 732 1
83 2331 1
1593 411 1
971 9611 1
1080 259 1
1333 651 1
1539 3563 1
825 1676 1
377 1134 1
1891 8174 1
503 24 1
693 6938 1
1153 457 1
374 1474 1
830 10438 1
619 238 1
438 907 1
1266 267 1
1549 8245 1
1089 12389 1
707 549 1
589 176 1
212 259 1
276 5111 1
1339 1365 1
638 391 1
108 2782 1
456 1476 1
1769 10184 1
445 1338 1
727 9605 1
1469 416 1
1150 1378 1
1602 1476 1
400 944 1
1566 4225 1
1104 1034 1
1373 4738 1
1851 2470 1
1615 415 1
1149 9542 1
576 1065 1
588 8380 1
1409 3227 1
1046 1049 1
1648 805 1
848 1135 1
1162 119 1
1540 15275 1
822 2468 1
472 629 1
1632 253 1
1432 1317 1
1362 382 1
1799 549 1
1304 1202 1
1239 1413 1
1858 2734 1
86 937 1
1827 10228 1
1333 206 1
1091 12412 1
289 498 1
1399 1057 1
1830 10528 1
317 629 1
174 3719 1
536 656 1
897 2307 1
341 5855 1
1182 8036 1
1191 4332 1
1554 15425 1
1341 14018 1
1102 47 1
305 2452 1
1459 14710 1
1345 241 1
847 704 1
692 145 1
431 6847 1
607 8571 1
593 3853 1
485 629 1
1815 867 1
1685 403 1
1084 6752 1
1608 988 1
92 2519 1
1751 964 1
1190 2379 1
1191 1869 1
1622 4813 1
1479 678 1
1735 8046 1
1098 198 1
457 657 1
1716 2039 1
1877 15972 1
1344 14042 1
1823 14 1
1707 7984 1
446 416 1
463 4453 1
213 248 1
1483 14923 1
1157 901 1
145 2472 1
515 418 1
946 678 1
1698 3579 1
1327 656 1
216 997 1
1065 12243 1
1759 1060 1
321 4864 1
545 2676 1
346 119 1
1720 14622 1
828 7881 1
1826 17264 1
337 10 1
1558 1920 1
853 6565 1
1633 447 1
865 1067 1
913 1575 1
549 425 1
1498 462 1
1297 13768 1
1426 631 1
1435 14598 1
1344 5557 1
701 2964 1
254 3009 1
918 45 1
1214 5318 1
505 135 1
768 902 1
26 414 1
1604 474 1
377 431 1
957 11368 1
315 1317 1
204 3842 1
597 4173 1
624 486 1
214 4289 1
1450 139 1
1543 15291 1
124 1903 1
1126 0 1
565 8215 1
1268 2418 1
987 3238 1
344 1073 1
52 1599 1
402 1055 1
1121 12679 1
366 1041 1
1678 3384 1
1072 438 1
1457 1999 1
947 251 1
1223 992 1
243 481 1
1647 3555 1
1302 1349 1
862 10681 1
1078 186 1
1255 13532 1
1650 15971 1
1254 2018 1
438 788 1
1153 6458 1
1669 4918 1
813 10326 1
1408 5854 1
1400 3335 1
411 6594 1
1288 13725 1
142 3261 1
737 834 1
598 112 1
1661 176 1
199 1010 1
1565 5333 1
670 1013 1
1613 8242 1
638 176 1
1439 2015 1
1609 139 1
772 26 1
1186 255 1
1604 244 1
272 5007 1
327 179 1
375 176 1
157 552 1
1221 1041 1
1002 1336 1
612 8628 1
785 867 1
1065 12224 1
1398 379 1
1314 964 1
1038 476 1
1210 13246 1
239 205 1
1459 10163 1
744 1807 1
49 1499 1
1159 1894 1
1851 1418 1
1164 469 1
1332 13944 1
1719 1114 1
1751 16800 1
1829 17289 1
1352 653 1
564 8002 1
1838 665 1
1380 4 1
1099 12455 1
36 1204 1
1078 8593 1
1750 1144 1
214 4296 1
1003 238 1
907 549 1
1253 1430 1
1827 103 1
693 9373 1
328 289 1
278 1866 1
1301 13788 1
1337 7089 1
951 11340 1
1655 3719 1
565 8205 1
1776 1677 1
1604 856 1
1440 21 1
363 251 1
479 3154 1
252 1758 1
349 3650 1
1652 851 1
1618 15777 1
1392 14399 1
1880 249 1
460 1072 1
98 1060 1
1437 274 1
760 327 1
683 3415 1
732 805 1
1113 12620 1
929 477 1
829 255 1
486 7413 1
1285 239 1
1050 12054 1
538 7873 1
404 1760 1
1420 1921 1
463 651 1
275 873 1
531 250 1
1333 1867 1
513 339 1
281 749 1
980 14 1
397 416 1
1212 19 1
1318 486 1
123 21 1
1249 315 1
721 2513 1
1053 122 1
1365 1634 1
1244 2506 1
1029 4609 1
324 5655 1
226 3315 1
222 1335 1
1245 169 1
1709 241 1
482 37 1
1557 249 1
594 2788 1
1019 449 1
637 38 1
1397 1067 1
1442 483 1
457 374 1
195 4047 1
990 156 1
1879 3528 1
1340 664 1
1396 108 1
120 5 1
938 282 1
92 2506 1
499 206 1
267 4048 1
1045 38 1
1087 1799 1
1466 5332 1
958 474 1
1770 250 1
956 448 1
1143 12840 1
1659 374 1
1372 11034 1
1089 1910 1
622 14 1
535 227 1
1710 255 1
496 643 1
1360 2038 1
1719 3886 1
140 336 1
986 2873 1
73 139 1
1368 943 1
176 916 1
678 9224 1
1326 13914 1
1822 17228 1
637 144 1
1060 3243 1
846 183 1
40 187 1
1574 919 1
1377 3985 1
347 5951 1
172 282 1
1502 5721 1
595 139 1
934 178 1
1628 389 1
495 1640 1
1306 241 1
1743 16706 1
1452 666 1
1402 14438 1
1830 1026 1
455 249 1
164 993 1
1402 14434 1
894 1817 1
75 733 1
1157 2794 1
272 10 1
631 588 1
828 10428 1
1130 14 1
964 110 1
170 3618 1
572 8251 1
334 5732 1
1581 456 1
1363 14279 1
1565 636 1
1747 3223 1
1516 2275 1
1718 1127 1
1196 176 1
664 998 1
770 3125 1
1156 176 1
843 5 1
608 8594 1
119 1023 1
444 156 1
1194 9627 1
1139 146 1
454 234 1
1589 554 1
1198 1836 1
247 355 1
346 3707 1
1298 425 1
1612 2012 1
1675 159 1
127 481 1
344 379 1
187 3309 1
797 5463 1
342 5860 1
223 4386 1
194 244 1
817 282 1
936 315 1
1778 2602 1
698 176 1
1553 16 1
653 255 1
225 4434 1
257 948 1
603 139 1
1324 633 1
640 156 1
190 2675 1
137 1796 1
730 140 1
78 390 1
1738 3169 1
390 14 1
505 112 1
1139 3199 1
557 237 1
857 995 1
1478 1707 1
1423 346 1
1318 997 1
1035 2 1
15 38 1
472 255 1
1348 14066 1
227 406 1
118 1920 1
240 1010 1
462 415 1
899 10686 1
1331 1639 1
894 362 1
1160 169 1
823 10387 1
1762 461 1
662 7032 1
1786 482 1
232 1137 1
691 656 1
39 1345 1
1091 12415 1
895 8375 1
246 948 1
1263 685 1
1866 486 1
290 1197 1
346 3190 1
1546 8964 1
1021 209 1
1150 2074 1
254 4773 1
109 2788 1
1083 8850 1
1499 5699 1
1254 3017 1
633 158 1
612 6839 1
868 10736 1
1241 179 1
1887 11108 1
341 5850 1
704 2543 1
1305 13809 1
180 3791 1
893 10925 1
860 568 1
1290 788 1
1815 2092 1
214 695 1
933 4374 1
164 932 1
852 1197 1
1112 1384 1
1601 12540 1
902 140 1
706 1570 1
1245 557 1
1498 581 1
1302 374 1
1577 935 1
1773 1597 1
1311 255 1
1487 1197 1
415 6669 1
1130 1730 1
45 1435 1
1273 374 1
1008 1730 1
469 237 1
1067 5143 1
1049 665 1
588 1199 1
1753 4313 1
1113 9444 1
136 391 1
1236 427 1
921 180 1
102 1312 1
799 6652 1
127 250 1
65 159 1
357 5188 1
1454 440 1
1781 2718 1
581 366 1
1233 448 1
141 232 1
1281 327 1
1420 3585 1
343 5899 1
957 11362 1
1854 1359 1
1666 16032 1
1820 489 1
299 2379 1
254 237 1
95 1349 1
661 1375 1
576 2992 1
577 239 1
784 316 1
11 251 1
333 139 1
476 169 1
54 995 1
810 1049 1
1336 373 1
1414 998 1
136 828 1
386 411 1
166 1335 1
1536 8965 1
929 851 1
1178 907 1
1604 493 1
1781 1319 1
1258 12978 1
1814 942 1
587 448 1
649 1179 1
232 327 1
1344 467 1
1399 3388 1
710 7130 1
1564 15491 1
1573 380 1
98 327 1
159 1189 1
694 8401 1
867 1342 1
1281 1815 1
1682 16225 1
1249 178 1
747 8957 1
900 1879 1
1651 277 1
1 66 1
933 3537 1
1722 176 1
713 9493 1
1631 15869 1
389 2783 1
501 489 1
490 2546 1
594 655 1
236 299 1
717 488 1
250 240 1
558 8091 1
1846 2610 1
287 1211 1
555 1230 1
673 9161 1
729 867 1
1858 214 1
761 9893 1
989 11576 1
50 1548 1
960 1034 1
892 8371 1
143 486 1
1333 418 1
658 139 1
43 263 1
621 249 1
1194 13125 1
719 9534 1
1122 10686 1
1488 651 1
1388 14383 1
1792 17025 1
958 255 1
1286 1724 1
801 247 1
1693 5603 1
1677 10464 1
115 2917 1
345 3251 1
926 158 1
887 629 1
265 4908 1
113 452 1
1757 333 1
267 240 1
1689 16302 1
253 4764 1
94 659 1
1207 274 1
109 868 1
315 1489 1
1157 678 1
286 1257 1
1498 1474 1
37 1250 1
63 10 1
1848 160 1
31 1097 1
1676 854 1
1225 7092 1
1341 2978 1
1117 136 1
1537 1766 1
1325 131 1
1479 431 1
1843 14 1
450 238 1
1163 1040 1
367 3302 1
758 1476 1
918 1387 1
164 3379 1
586 416 1
314 1672 1
476 7308 1
869 10130 1
66 1914 1
1696 2552 1
1812 3698 1
1190 13067 1
959 11393 1
869 5 1
980 496 1
225 176 1
1263 868 1
19 754 1
1426 1574 1
575 8293 1
830 1635 1
847 10528 1
862 1212 1
1703 327 1
1147 495 1
905 475 1
1343 799 1
1875 998 1
175 3382 1
641 1416 1
572 793 1
1220 13312 1
1499 1453 1
447 3998 1
1517 846 1
318 816 1
1050 631 1
970 11443 1
1511 448 1
1210 13245 1
640 4546 1
955 158 1
804 3393 1
1445 5647 1
1763 3969 1
1340 436 1
763 4505 1
71 448 1
1033 11929 1
127 2031 1
183 112 1
520 3433 1
1177 483 1
1407 2372 1
1487 237 1
1312 630 1
833 918 1
166 3570 1
1866 763 1
1686 6735 1
79 2269 1
1037 4 1
1133 2289 1
1493 14675 1
47 1479 1
661 868 1
891 179 1
290 2961 1
662 1034 1
704 152 1
1829 6441 1
780 1621 1
1671 38 1
1654 377 1
915 10359 1
440 146 1
703 504 1
1377 149 1
902 4030 1
1711 103 1
641 492 1
1712 139 1
770 3047 1
1549 392 1
1263 7125 1
256 340 1
429 4787 1
251 4614 1
959 11378 1
287 1244 1
1389 2706 1
1125 12720 1
165 3456 1
140 411 1
892 637 1
1574 483 1
1535 171 1
726 244 1
407 6541 1
1831 2015 1
1680 1488 1
612 3783 1
1385 437 1
304 405 1
857 38 1
948 798 1
1408 278 1
647 6444 1
77 2161 1
329 273 1
1057 8023 1
656 251 1
824 8039 1
858 391 1
986 4872 1
1471 6050 1
1276 103 1
1154 683 1
545 282 1
898 1908 1
1446 14650 1
1038 10248 1
983 1855 1
49 752 1
1313 414 1
1645 13064 1
1118 3416 1
595 8442 1
639 8890 1
973 3243 1
1862 676 1
1712 3227 1
30 1069 1
1217 13274 1
1284 14 1
761 9922 1
1555 1 1
1432 125 1
1543 4516 1
1247 4505 1
457 7114 1
1836 1412 1
1280 436 1
1320 3676 1
617 14 1
1726 2184 1
1557 477 1
1486 3108 1
1503 15057 1
206 994 1
514 1372 1
573 4 1
313 2356 1
1031 939 1
1007 108 1
206 1369 1
1330 13928 1
1093 10208 1
1059 9657 1
999 129 1
1782 647 1
102 2673 1
1095 504 1
1489 14948 1
120 462 1
1493 10940 1
1072 788 1
1062 3108 1
212 4271 1
127 631 1
1604 1645 1
997 1158 1
923 182 1
303 1279 1
804 3783 1
728 2338 1
743 2771 1
1175 115 1
624 1360 1
1075 244 1
818 3307 1
1570 909 1
1786 651 1
587 755 1
523 1670 1
1031 5464 1
864 248 1
673 659 1
433 2748 1
1280 13656 1
856 6908 1
1124 16 1
352 636 1
468 553 1
670 2 1
1165 182 1
1694 10863 1
1050 2405 1
747 5915 1
27 596 1
783 2978 1
267 930 1
366 685 1
1259 1474 1
380 6277 1
497 7506 1
137 3211 1
1358 1918 1
662 8956 1
1319 13185 1
1192 358 1
838 16 1
987 1593 1
1657 270 1
602 5392 1
1342 639 1
1809 2719 1
452 100 1
888 140 1
1330 169 1
696 139 1
631 259 1
936 668 1
86 2403 1
923 8123 1
552 854 1
1017 10716 1
1541 564 1
1301 664 1
778 10084 1
1163 3570 1
1831 5 1
396 762 1
314 122 1
1374 911 1
1100 12469 1
1580 959 1
1105 166 1
1370 6414 1
1181 237 1
66 194 1
98 1072 1
1434 3473 1
1411 3379 1
1234 13395 1
895 2728 1
1180 1946 1
579 8312 1
350 677 1
996 1153 1
1456 3976 1
769 10018 1
495 856 1
117 1197 1
679 3200 1
1610 2113 1
171 3648 1
775 901 1
877 964 1
130 3132 1
466 418 1
456 3388 1
656 4720 1
1199 4775 1
1695 12802 1
522 461 1
1683 636 1
1145 2373 1
1771 1077 1
1436 299 1
52 1568 1
715 1419 1
1277 475 1
884 2552 1
536 431 1
130 3134 1
176 637 1
422 6755 1
529 2344 1
1077 2423 1
991 11591 1
1128 122 1
861 2756 1
680 9264 1
239 415 1
794 147 1
464 7160 1
1381 682 1
750 2992 1
525 3460 1
1618 1135 1
1425 4529 1
1664 1633 1
507 156 1
1008 1447 1
1358 653 1
1170 12999 1
1546 3964 1
59 328 1
105 237 1
7 359 1
878 10815 1
1204 2356 1
1617 15766 1
219 4335 1
1475 2507 1
1048 3190 1
1890 13505 1
1755 1634 1
1459 14708 1
1788 6004 1
613 2251 1
1334 273 1
959 1337 1
1844 816 1
1417 380 1
1285 206 1
575 177 1
1686 142 1
1570 639 1
1679 16179 1
797 248 1
324 249 1
1634 651 1
1810 374 1
867 10727 1
939 11245 1
1412 1574 1
1889 177 1
1568 380 1
1887 17592 1
494 7487 1
595 431 1
288 777 1
1863 2978 1
468 7183 1
1390 14391 1
1733 7534 1
58 664 1
1227 8893 1
903 476 1
143 3281 1
433 6609 1
1857 5405 1
130 737 1
1687 16269 1
1075 411 1
942 255 1
414 6645 1
1067 387 1
1300 917 1
966 3744 1
1359 994 1
1604 293 1
543 1365 1
1533 425 1
645 144 1
592 110 1
1726 7543 1
734 8046 1
326 293 1
581 2464 1
813 868 1
161 3548 1
608 3965 1
1463 161 1
1825 13605 1
1324 1815 1
1799 2202 1
1525 11503 1
1478 5770 1
1837 247 1
1109 996 1
1689 1387 1
1326 438 1
1635 3009 1
265 1926 1
1582 15563 1
1109 6451 1
258 176 1
1847 11742 1
1012 757 1
81 912 1
98 108 1
720 1098 1
260 4834 1
698 3065 1
1335 7399 1
598 1081 1
957 11359 1
1220 1404 1
1543 2552 1
240 4606 1
235 238 1
1001 768 1
338 4227 1
1818 17220 1
1092 362 1
1225 2780 1
1478 14870 1
533 3138 1
1743 2414 1
1729 276 1
467 790 1
26 328 1
1801 4794 1
1443 1013 1
1313 282 1
180 3793 1
1231 13370 1
1546 125 1
289 255 1
72 2034 1
943 1668 1
1362 122 1
1051 445 1
667 1317 1
903 263 1
408 282 1
544 1508 1
1589 15616 1
1502 487 1
1755 15012 1
618 8762 1
1532 5567 1
1638 8508 1
39 998 1
1737 922 1
664 632 1
1711 1357 1
623 8789 1
1149 667 1
1698 405 1
488 4549 1
1806 17131 1
289 416 1
469 206 1
1493 112 1
1226 178 1
18 746 1
1005 131 1
1295 3176 1
134 186 1
673 375 1
1715 9687 1
852 915 1
862 1271 1
166 0 1
677 324 1
1308 13827 1
1767 16876 1
596 525 1
186 1773 1
870 2922 1
785 453 1
995 393 1
1106 12559 1
321 1600 1
37 1275 1
1545 1116 1
1778 16942 1
736 179 1
1552 15405 1
250 237 1
1505 922 1
856 106 1
1486 106 1
141 238 1
321 2786 1
352 484 1
1734 108 1
957 8510 1
1232 512 1
1039 214 1
31 366 1
1843 4291 1
269 1502 1
852 9351 1
675 248 1
1629 3169 1
731 641 1
1778 16926 1
1569 987 1
248 182 1
329 5697 1
1872 1049 1
644 3000 1
356 274 1
1662 214 1
363 982 1
658 9036 1
954 488 1
1287 3309 1
230 4463 1
1148 267 1
3 174 1
1566 15498 1
85 436 1
1882 391 1
923 4707 1
523 483 1
1325 1645 1
894 240 1
850 10548 1
827 179 1
1803 468 1
180 3770 1
337 5792 1
1445 651 1
1412 411 1
205 4211 1
909 1148 1
1385 1133 1
133 443 1
687 9313 1
927 1915 1
227 251 1
1746 16741 1
1350 178 1
986 3387 1
183 139 1
157 2143 1
616 5323 1
973 11469 1
1235 260 1
283 653 1
1583 15577 1
146 375 1
1459 1036 1
1802 2116 1
910 11070 1
1589 180 1
350 171 1
630 176 1
1182 4773 1
1589 385 1
1256 421 1
726 243 1
138 251 1
624 7907 1
1220 336 1
474 3722 1
1609 122 1
1082 485 1
739 244 1
892 4579 1
303 2620 1
1287 3401 1
1088 175 1
862 465 1
1777 1106 1
15 237 1
330 293 1
1678 450 1
65 103 1
1059 487 1
782 10125 1
797 3843 1
1007 11725 1
1720 488 1
865 478 1
733 169 1
182 3818 1
1012 3019 1
987 3023 1
1743 2569 1
899 8975 1
1525 834 1
1497 15015 1
1627 267 1
959 3976 1
812 800 1
1117 30 1
1166 1004 1
1026 11873 1
347 122 1
662 8962 1
1576 449 1
75 177 1
789 178 1
419 5986 1
269 177 1
1495 1049 1
1764 384 1
848 362 1
893 4227 1
733 418 1
1260 10529 1
1690 244 1
522 919 1
419 3705 1
898 3388 1
939 4717 1
682 804 1
1480 8314 1
733 327 1
882 2856 1
1469 636 1
937 11243 1
1523 1342 1
1222 6735 1
1207 478 1
1642 6093 1
900 10994 1
111 2850 1
1253 2113 1
476 486 1
1265 3034 1
437 2415 1
620 901 1
14 592 1
160 3543 1
1191 106 1
508 3585 1
429 4924 1
204 835 1
1204 12771 1
568 411 1
513 176 1
249 108 1
918 4737 1
1024 38 1
1867 259 1
87 2414 1
232 447 1
20 461 1
722 1325 1
1428 1192 1
1417 941 1
1886 1407 1
413 6627 1
578 805 1
1374 139 1
424 30 1
1533 855 1
50 259 1
1224 175 1
1398 1359 1
1618 12738 1
308 1198 1
1257 156 1
1402 14431 1
1237 38 1
1884 664 1
1523 210 1
445 549 1
224 4427 1
294 1338 1
1384 5484 1
847 2058 1
520 1248 1
298 2652 1
875 106 1
1664 3532 1
420 270 1
270 1180 1
511 1070 1
51 1563 1
1852 17393 1
1265 4795 1
679 3758 1
569 383 1
1806 17147 1
1234 2661 1
1250 11241 1
1554 8887 1
834 855 1
950 10719 1
1059 1082 1
1594 7031 1
129 298 1
1522 249 1
866 177 1
383 6288 1
642 237 1
209 244 1
696 466 1
1667 2734 1
410 2189 1
1805 437 1
26 637 1
697 3536 1
1572 315 1
650 244 1
16 686 1
1879 3280 1
1714 2469 1
1335 5591 1
1427 993 1
490 440 1
228 237 1
1639 3561 1
393 289 1
992 5 1
1365 492 1
442 3039 1
1802 278 1
1639 15896 1
1107 12567 1
175 3742 1
446 289 1
116 270 1
1826 15778 1
844 1194 1
205 4193 1
941 106 1
1363 2836 1
920 497 1
549 1906 1
165 2376 1
570 2776 1
1812 383 1
544 5682 1
643 639 1
1653 169 1
1502 436 1
0 46 1
388 1952 1
268 4942 1
851 10570 1
1256 3321 1
1832 3139 1
1468 2284 1
560 3388 1
1324 249 1
855 2600 1
1712 477 1
249 1466 1
213 301 1
590 8404 1
1367 14300 1
1123 12706 1
502 242 1
1399 851 1
396 6437 1
822 579 1
729 356 1
108 1169 1
1604 38 1
396 12 1
138 38 1
1583 355 1
793 1423 1
384 6318 1
439 596 1
1277 1196 1
1176 353 1
135 122 1
1117 178 1
1831 16 1
1087 1353 1
1514 473 1
1469 282 1
1410 1359 1
1858 275 1
1420 169 1
1795 17056 1
515 2143 1
1725 2589 1
545 1133 1
1251 10119 1
1507 2143 1
1870 238 1
420 277 1
49 278 1
1228 630 1
1065 12233 1
231 416 1
1383 485 1
656 9004 1
768 3358 1
1073 12063 1
698 301 1
1563 12248 1
917 106 1
464 3121 1
299 631 1
1667 249 1
946 909 1
1355 14184 1
1399 1908 1
397 596 1
252 798 1
1177 5 1
1382 4053 1
424 1661 1
458 991 1
1062 139 1
511 512 1
5 240 1
1659 2594 1
999 11215 1
121 1336 1
569 7978 1
868 6150 1
457 3395 1
301 855 1
1823 997 1
1449 382 1
704 1866 1
760 3009 1
791 10207 1
1855 475 1
1273 684 1
479 454 1
1719 562 1
512 2679 1
393 5974 1
1462 911 1
19 772 1
156 3486 1
1759 4455 1
1733 327 1
1310 633 1
144 298 1
1753 19 1
595 8437 1
277 2458 1
1810 139 1
1471 1465 1
1872 132 1
1889 21 1
1586 183 1
940 145 1
265 4910 1
1237 3209 1
1036 447 1
1889 148 1
1502 6957 1
28 187 1
194 2981 1
1499 997 1
747 566 1
460 909 1
1219 7792 1
99 2591 1
1799 3570 1
772 10029 1
278 1726 1
1767 16878 1
665 298 1
1541 1473 1
867 1424 1
1473 251 1
1866 436 1
1660 1384 1
401 45 1
526 7797 1
221 894 1
282 468 1
1327 183 1
1772 2522 1
1223 420 1
279 2471 1
1279 8358 1
1135 3251 1
1735 16636 1
815 2362 1
1 65 1
96 637 1
163 2535 1
1858 624 1
407 161 1
1850 1065 1
360 1647 1
792 206 1
1709 839 1
1211 1034 1
1759 177 1
1863 5689 1
1648 1133 1
96 175 1
1486 327 1
894 237 1
972 7578 1
1809 805 1
369 6195 1
1724 3849 1
43 298 1
444 371 1
977 4550 1
712 142 1
1668 16041 1
1014 242 1
84 1195 1
224 4409 1
812 10300 1
1521 4814 1
931 159 1
720 9547 1
1775 12248 1
1179 276 1
24 564 1
1072 1133 1
1605 549 1
1730 3976 1
1756 5499 1
66 1915 1
400 2457 1
1692 16316 1
159 572 1
1315 16 1
1864 922 1
1159 12929 1
1295 156 1
1393 1862 1
752 9824 1
780 112 1
1316 852 1
604 1049 1
1361 104 1
410 6590 1
1813 8315 1
1338 1740 1
534 274 1
934 467 1
1579 554 1
291 2043 1
1357 14214 1
1280 13662 1
1573 3321 1
352 5984 1
37 1265 1
458 6235 1
1355 14202 1
548 2696 1
68 1954 1
1617 2173 1
698 473 1
1261 237 1
607 837 1
1729 4326 1
1577 10131 1
1341 1508 1
8 145 1
287 5225 1
126 3105 1
1233 498 1
1703 16433 1
1457 7957 1
1797 169 1
1201 873 1
864 10711 1
1023 448 1
563 175 1
31 122 1
1762 8700 1
306 5460 1
1222 890 1
908 187 1
142 12 1
940 112 1
1310 13841 1
811 140 1
666 823 1
1118 328 1
301 414 1
531 4543 1
1339 8847 1
1521 490 1
1404 475 1
765 666 1
1325 475 1
427 46 1
1740 112 1
1303 752 1
1399 375 1
572 2522 1
944 935 1
26 856 1
1015 453 1
802 1367 1
622 7150 1
1888 37 1
1734 174 1
6 308 1
1760 1096 1
27 415 1
388 255 1
264 4900 1
991 3379 1
87 2417 1
262 2522 1
630 232 1
671 1331 1
1058 3902 1
1811 1139 1
531 651 1
1789 11888 1
1559 806 1
616 8737 1
1270 4297 1
1574 5123 1
14 614 1
1118 1435 1
443 327 1
1596 199 1
1662 3705 1
1273 1470 1
1133 915 1
1512 1919 1
370 3920 1
518 854 1
226 4441 1
1123 5639 1
1768 482 1
1013 1086 1
12 505 1
1578 699 1
377 6246 1
968 237 1
1206 870 1
337 5797 1
1686 1070 1
337 1856 1
709 8 1
244 2546 1
1851 2013 1
462 636 1
1211 702 1
562 8157 1
400 2479 1
774 10054 1
910 6271 1
1782 837 1
428 6817 1
673 580 1
694 9383 1
1590 1334 1
99 2595 1
300 468 1
1566 1480 1
34 1171 1
1757 379 1
180 3765 1
1385 1502 1
755 1199 1
1017 1337 1
1018 4380 1
1176 240 1
174 3721 1
606 3315 1
793 657 1
852 1604 1
1585 2852 1
39 38 1
1312 243 1
1478 14863 1
1097 21 1
656 2116 1
559 8126 1
1657 15983 1
1544 15312 1
1594 15641 1
1197 183 1
1617 6316 1
462 2372 1
1101 2492 1
1317 449 1
933 2898 1
1298 992 1
1577 549 1
655 1415 1
872 3951 1
1510 411 1
346 5935 1
85 2366 1
869 10745 1
1594 183 1
290 1593 1
1055 12127 1
907 1049 1
990 11578 1
360 6054 1
672 907 1
350 5977 1
453 7082 1
900 4010 1
1629 333 1
1066 12263 1
1432 902 1
1861 641 1
187 2080 1
1260 7213 1
882 1588 1
1849 3214 1
1806 15244 1
671 904 1
1174 483 1
536 2922 1
1185 38 1
1158 12919 1
316 152 1
689 685 1
450 704 1
550 7534 1
1284 657 1
489 7433 1
598 139 1
1314 672 1
864 259 1
835 488 1
379 6261 1
1586 108 1
404 6501 1
623 6149 1
1512 909 1
422 6753 1
824 732 1
886 1829 1
813 1331 1
1420 704 1
11 489 1
36 1209 1
1225 994 1
61 234 1
1140 448 1
1434 2404 1
956 238 1
1006 1165 1
1836 263 1
61 937 1
1116 515 1
1296 5475 1
1444 14641 1
462 7153 1
772 1073 1
1296 13756 1
57 1680 1
373 16 1
1711 368 1
242 4639 1
345 2068 1
937 106 1
1815 101 1
1673 16113 1
25 955 1
331 249 1
671 9148 1
754 931 1
19 789 1
202 3559 1
1480 14880 1
401 240 1
1105 176 1
1732 362 1
1156 12913 1
511 1911 1
23 876 1
440 106 1
1706 15524 1
1791 17024 1
1844 2988 1
1799 1349 1
1242 10705 1
624 1141 1
1197 1777 1
1510 38 1
177 176 1
192 3986 1
587 7617 1
189 3931 1
1179 251 1
679 808 1
1332 2086 1
440 2552 1
1373 461 1
1853 2001 1
1882 17536 1
399 5951 1
189 3934 1
453 1378 1
248 762 1
1720 664 1
660 9074 1
880 188 1
1403 112 1
1346 757 1
1533 15230 1
1556 293 1
575 1335 1
376 636 1
557 629 1
1624 1026 1
720 9551 1
331 280 1
1650 4600 1
360 2298 1
222 278 1
819 183 1
1771 755 1
1204 1068 1
1393 14403 1
1346 770 1
71 488 1
1672 7506 1
581 1896 1
269 112 1
12 525 1
1170 13004 1
1706 2095 1
1107 8516 1
1657 9466 1
1702 3757 1
441 238 1
1419 374 1
360 2283 1
855 553 1
1413 175 1
168 1864 1
1716 2025 1
447 199 1
392 6384 1
239 416 1
1488 449 1
159 1115 1
449 949 1
347 565 1
1129 811 1
1359 919 1
552 1202 1
147 366 1
1246 1051 1
1882 17530 1
768 2522 1
1163 178 1
389 111 1
1394 4362 1
1374 639 1
1265 1647 1
181 3803 1
585 174 1
290 5253 1
246 265 1
893 1100 1
595 5446 1
1341 4262 1
33 490 1
870 4174 1
1144 152 1
1295 9999 1
452 430 1
890 7696 1
1681 10238 1
262 564 1
138 425 1
1388 451 1
447 7041 1
547 139 1
498 265 1
1032 11926 1
1379 5949 1
870 5466 1
779 777 1
1184 170 1
1029 4604 1
410 6592 1
1464 759 1
1674 16119 1
102 1970 1
417 6693 1
573 1411 1
701 9440 1
1118 12644 1
1195 12434 1
192 3975 1
339 1196 1
312 2301 1
943 246 1
1241 7984 1
340 1041 1
615 1946 1
1098 2101 1
702 8952 1
1061 12177 1
1139 2788 1
737 106 1
756 38 1
166 382 1
522 2946 1
202 1372 1
1776 468 1
1230 137 1
1371 282 1
457 6639 1
788 148 1
724 909 1
608 2293 1
1230 12031 1
1709 46 1
1006 11709 1
76 2153 1
1642 3014 1
904 431 1
317 243 1
1404 733 1
306 3132 1
230 1815 1
1833 483 1
1239 478 1
379 1926 1
985 4898 1
426 1298 1
1730 1110 1
288 870 1
1348 14065 1
1758 1364 1
997 1495 1
1114 254 1
1269 666 1
323 122 1
456 1386 1
66 1918 1
1378 38 1
1847 5157 1
1181 4 1
649 123 1
837 2873 1
549 3574 1
852 176 1
617 665 1
35 1041 1
465 984 1
1451 4 1
94 2509 1
172 293 1
307 280 1
523 666 1
997 103 1
813 867 1
1327 932 1
503 911 1
1492 14968 1
1529 233 1
1410 2522 1
1345 248 1
248 1474 1
787 440 1
1869 1002 1
542 1073 1
1185 291 1
972 807 1
1753 14 1
1194 13088 1
458 3139 1
265 3002 1
771 1194 1
912 11114 1
725 482 1
1756 166 1
872 3953 1
431 6846 1
282 5171 1
1547 10905 1
504 3321 1
535 4344 1
160 3544 1
139 243 1
484 7388 1
576 639 1
744 9738 1
176 473 1
75 2116 1
4 211 1
1492 14976 1
1183 1334 1
1497 737 1
1594 15642 1
156 2393 1
1011 1645 1
230 2895 1
1044 161 1
801 640 1
1068 12277 1
1019 994 1
1732 3157 1
793 651 1
21 38 1
1010 1049 1
458 7121 1
1698 129 1
1132 12763 1
1176 1957 1
1253 475 1
1860 726 1
1371 3401 1
1041 11965 1
979 483 1
1376 1107 1
1027 2204 1
763 1190 1
927 1199 1
969 293 1
25 979 1
844 1642 1
922 668 1
682 3388 1
1286 4557 1
1298 13771 1
1580 249 1
1666 822 1
1706 16463 1
855 719 1
1266 273 1
185 2790 1
876 414 1
575 139 1
1872 183 1
1170 1375 1
862 1262 1
686 1328 1
1467 6600 1
396 6433 1
219 3555 1
224 4392 1
821 959 1
1231 3570 1
884 1373 1
703 564 1
709 2461 1
788 3343 1
1156 174 1
1768 247 1
1780 1049 1
1641 15922 1
395 963 1
569 8245 1
1618 450 1
417 3679 1
1603 15697 1
1459 5634 1
1848 1465 1
954 1133 1
1246 3976 1
0 37 1
1156 1259 1
276 5090 1
551 635 1
1073 12301 1
905 1866 1
1411 14481 1
85 448 1
1359 467 1
21 733 1
114 2901 1
1561 106 1
99 2590 1
464 1452 1
133 3146 1
1652 293 1
1561 1760 1
735 21 1
976 1615 1
1819 12313 1
1062 825 1
531 304 1
1660 837 1
703 7059 1
873 1773 1
524 672 1
1450 651 1
813 1323 1
1663 1249 1
1153 12893 1
916 253 1
555 1308 1
1426 249 1
1257 1384 1
592 282 1
1231 1594 1
1548 416 1
229 4079 1
591 580 1
94 1946 1
232 654 1
1617 2159 1
499 259 1
769 3389 1
700 1817 1
1288 1173 1
317 249 1
385 145 1
62 1821 1
70 2000 1
1825 2284 1
1627 15844 1
1460 6778 1
129 261 1
220 1906 1
1210 6826 1
36 790 1
125 630 1
280 2589 1
36 1230 1
412 6603 1
82 2317 1
1260 13560 1
349 2988 1
1458 14695 1
1050 4279 1
109 1766 1
1228 237 1
836 9170 1
1202 8962 1
1265 413 1
746 239 1
1097 391 1
615 8721 1
1284 13689 1
1799 512 1
410 6576 1
1291 3303 1
90 744 1
1728 704 1
597 237 1
1048 5876 1
703 177 1
640 38 1
1275 636 1
906 4857 1
34 1180 1
1384 1735 1
1031 237 1
1146 177 1
1719 379 1
1551 8325 1
859 10663 1
9 16 1
383 421 1
693 9379 1
1400 1257 1
1490 1365 1
733 9644 1
842 139 1
229 156 1
131 269 1
314 5521 1
314 327 1
701 9434 1
1454 1153 1
877 1338 1
925 142 1
1077 366 1
608 3913 1
694 651 1
79 2264 1
1845 17348 1
1443 6737 1
1206 837 1
372 259 1
20 804 1
1607 1041 1
1836 244 1
1179 238 1
1131 1663 1
1662 8966 1
502 4970 1
1707 4737 1
456 7107 1
507 148 1
562 1480 1
1793 17041 1
1045 4970 1
166 3586 1
1485 4040 1
1580 481 1
1200 1192 1
1141 695 1
1255 13534 1
464 1259 1
968 311 1
1446 379 1
772 16 1
277 175 1
26 656 1
1732 997 1
600 651 1
406 1502 1
887 244 1
442 941 1
1741 16694 1
212 16 1
202 551 1
68 636 1
1843 148 1
1870 1770 1
1054 1763 1
638 802 1
1588 237 1
61 103 1
1667 685 1
1280 4672 1
1367 370 1
1467 1172 1
331 282 1
1564 8429 1
1100 3212 1
989 1057 1
1595 861 1
99 994 1
1891 788 1
1340 994 1
416 1036 1
246 202 1
1773 3227 1
1243 909 1
877 25 1
982 11526 1
455 38 1
392 258 1
402 403 1
551 2475 1
222 153 1
191 2146 1
1843 515 1
328 837 1
421 1374 1
1041 11932 1
1197 1481 1
1532 3068 1
1369 14307 1
245 668 1
889 451 1
787 302 1
1437 244 1
1446 8854 1
1083 12361 1
1146 151 1
1700 5117 1
452 1057 1
788 5877 1
1619 4 1
1232 13377 1
1481 14883 1
1192 1199 1
242 4646 1
1707 1195 1
1836 237 1
354 6009 1
764 7736 1
1471 653 1
1490 448 1
723 38 1
1284 131 1
682 1114 1
382 177 1
1082 837 1
232 4499 1
1478 52 1
866 10722 1
1114 417 1
1398 4379 1
1084 1049 1
1672 7515 1
380 6268 1
755 993 1
1466 14783 1
1824 5953 1
436 6928 1
165 3481 1
1208 131 1
1007 719 1
269 178 1
415 6659 1
552 1055 1
986 1766 1
877 102 1
1842 5917 1
831 10456 1
1372 2557 1
1142 387 1
116 2925 1
164 2058 1
1053 665 1
998 11668 1
1350 13216 1
1113 9439 1
1184 565 1
1573 15089 1
139 253 1
487 1023 1
271 4988 1
741 5525 1
1489 1851 1
1609 8 1
515 244 1
830 1639 1
795 4038 1
1110 1423 1
668 632 1
689 8952 1
1658 7070 1
904 2725 1
16 675 1
1415 14492 1
370 909 1
626 1411 1
447 882 1
357 6022 1
468 7174 1
1152 451 1
1563 15488 1
1283 6378 1
1335 13969 1
872 2363 1
765 171 1
1088 461 1
1183 2992 1
952 1858 1
817 434 1
688 362 1
1800 1139 1
1005 1676 1
369 6196 1
1418 244 1
1146 195 1
886 487 1
518 414 1
944 1024 1
198 672 1
965 487 1
1216 175 1
86 2395 1
195 849 1
1168 2462 1
852 10577 1
555 1298 1
1861 238 1
518 7688 1
332 295 1
1669 103 1
799 1182 1
1781 1328 1
1582 3531 1
985 11530 1
469 270 1
1457 282 1
1303 3901 1
707 139 1
1244 13469 1
471 244 1
1088 14 1
157 3497 1
428 2718 1
1522 277 1
638 828 1
259 4827 1
1577 1201 1
1046 12020 1
1579 139 1
1366 298 1
1754 448 1
42 259 1
1757 449 1
1809 685 1
828 833 1
710 2067 1
67 1948 1
1820 932 1
1142 390 1
1768 2383 1
1106 1026 1
247 315 1
1535 144 1
218 4325 1
1497 15024 1
456 1600 1
213 631 1
16 14 1
329 247 1
1037 984 1
1475 386 1
1797 449 1
1631 15871 1
1225 868 1
735 108 1
87 1958 1
246 3212 1
1547 389 1
1840 16 1
202 38 1
227 266 1
1766 448 1
1632 1404 1
1186 639 1
1574 2461 1
1301 13785 1
1786 255 1
823 3913 1
899 10968 1
823 2284 1
12 543 1
830 4956 1
204 3046 1
436 6900 1
1385 11689 1
261 1357 1
1320 475 1
1202 7578 1
1397 2748 1
1234 11298 1
433 1477 1
235 1466 1
1262 379 1
128 251 1
623 239 1
1629 112 1
1272 13619 1
721 1365 1
1440 1770 1
120 2283 1
383 986 1
566 8226 1
940 1197 1
1796 5929 1
1052 12085 1
1125 9373 1
357 6031 1
1865 1334 1
185 3881 1
293 3288 1
352 629 1
1253 917 1
723 641 1
1114 228 1
154 3441 1
151 1771 1
142 732 1
447 1606 1
813 1311 1
138 475 1
1278 1359 1
13 557 1
707 375 1
230 3690 1
721 789 1
548 2679 1
1410 657 1
714 158 1
238 792 1
861 112 1
995 1335 1
57 1684 1
921 152 1
1055 10121 1
616 3875 1
394 260 1
1265 328 1
741 1237 1
185 504 1
1113 12623 1
1758 149 1
1191 435 1
1875 559 1
518 3765 1
1420 14510 1
788 3870 1
1776 38 1
1749 6245 1
359 14 1
946 7794 1
1130 1604 1
545 7971 1
1265 13587 1
888 629 1
378 987 1
2 117 1
654 16 1
901 5774 1
1389 905 1
258 186 1
1437 1574 1
1793 386 1
1247 811 1
1086 1368 1
635 1845 1
46 1449 1
118 2967 1
895 816 1
1851 744 1
1810 1384 1
1230 456 1
947 1002 1
1330 13932 1
1028 982 1
1531 3590 1
1412 206 1
1064 3964 1
156 3481 1
588 3463 1
249 3379 1
1051 1430 1
1754 182 1
1381 3292 1
684 9294 1
1124 3612 1
330 1952 1
502 251 1
526 7792 1
14 588 1
1707 7972 1
36 1226 1
1555 15446 1
1530 156 1
1146 565 1
1722 104 1
1312 654 1
1605 15712 1
1778 16936 1
243 1866 1
1737 761 1
1609 919 1
1235 411 1
1207 254 1
238 2082 1
1509 811 1
1334 304 1
825 479 1
771 251 1
682 1385 1
221 868 1
403 6478 1
1170 12998 1
341 996 1
722 6359 1
1781 2492 1
885 7738 1
664 9103 1
474 805 1
54 183 1
1800 436 1
1811 919 1
794 10214 1
191 453 1
105 2043 1
760 480 1
1240 1190 1
813 1767 1
1589 3227 1
1649 238 1
427 321 1
268 467 1
1775 5050 1
880 244 1
330 5705 1
805 136 1
529 3491 1
360 6072 1
98 1081 1
209 246 1
789 14 1
952 1030 1
880 4970 1
185 157 1
1840 328 1
516 7645 1
1205 1885 1
1483 14914 1
1145 901 1
1068 206 1
1129 1013 1
275 1317 1
1171 174 1
1257 1634 1
762 108 1
727 3866 1
828 9951 1
729 340 1
804 6014 1
1154 6441 1
502 636 1
1134 12771 1
85 438 1
1287 489 1
630 8844 1
1027 11893 1
1008 647 1
1296 959 1
1310 6135 1
778 155 1
1680 656 1
1623 263 1
1130 177 1
1804 6780 1
354 1298 1
379 6259 1
315 4518 1
1022 762 1
517 7681 1
1186 474 1
420 237 1
1645 15940 1
775 5235 1
1012 7342 1
728 549 1
385 6328 1
952 1849 1
1691 4079 1
1599 951 1
723 200 1
41 112 1
555 892 1
1120 206 1
1450 249 1
1268 9451 1
875 10794 1
509 448 1
1539 11241 1
681 179 1
987 3976 1
1022 122 1
404 6483 1
979 11505 1
820 135 1
890 7397 1
1760 266 1
489 7440 1
741 453 1
477 7325 1
424 182 1
912 575 1
859 10666 1
1250 238 1
1357 772 1
1891 1216 1
1037 639 1
560 8136 1
1868 411 1
645 5955 1
1421 9213 1
353 6005 1
540 1866 1
1831 7 1
1235 255 1
1315 249 1
192 1192 1
823 10388 1
466 422 1
580 8322 1
1754 139 1
853 10598 1
701 9437 1
600 1418 1
304 3443 1
1543 15290 1
997 11626 1
1681 16208 1
845 10525 1
193 122 1
490 988 1
438 657 1
1512 375 1
1837 277 1
111 2846 1
766 9979 1
1581 1230 1
955 2891 1
1234 1365 1
1592 15620 1
1875 3493 1
1106 12555 1
952 17 1
1595 488 1
959 155 1
966 1822 1
962 372 1
69 799 1
1552 15393 1
1011 405 1
1590 382 1
1289 136 1
301 1369 1
1776 46 1
405 3360 1
1686 139 1
257 1849 1
176 3744 1
1746 374 1
1624 15794 1
148 267 1
1559 1012 1
1243 7531 1
211 1508 1
726 248 1
101 2655 1
1563 7 1
1500 15032 1
1851 251 1
1690 493 1
1702 16410 1
1253 131 1
1212 238 1
1582 9920 1
834 14 1
850 368 1
977 484 1
24 921 1
1475 2714 1
1258 379 1
1832 1338 1
491 2522 1
159 3525 1
1553 0 1
900 3969 1
1548 4 1
358 496 1
173 106 1
1215 13261 1
977 1611 1
152 1033 1
1185 596 1
377 1650 1
541 903 1
465 282 1
939 1823 1
1848 3169 1
1066 12250 1
1027 166 1
474 7253 1
1301 265 1
1626 13235 1
1033 629 1
1616 816 1
687 243 1
1105 914 1
217 206 1
1096 0 1
1297 38 1
449 1841 1
299 387 1
1391 38 1
966 2918 1
501 905 1
914 11129 1
430 176 1
1210 13243 1
502 4325 1
609 1752 1
908 483 1
1284 919 1
1450 4 1
137 936 1
1826 988 1
186 3890 1
428 125 1
1292 659 1
866 10721 1
1502 15041 1
895 120 1
321 805 1
1121 12689 1
1155 436 1
588 8378 1
272 101 1
642 5244 1
87 2412 1
335 3415 1
1736 237 1
1795 17046 1
485 740 1
200 4121 1
459 1159 1
1809 1908 1
1480 932 1
27 264 1
1148 248 1
742 1034 1
1256 556 1
1010 26 1
1007 155 1
187 3900 1
1622 187 1
1654 386 1
1382 8827 1
554 1372 1
1191 861 1
268 1069 1
90 2471 1
30 918 1
560 659 1
1500 2157 1
1186 987 1
1856 425 1
890 10918 1
388 4 1
1477 161 1
807 2781 1
1791 17001 1
1666 4757 1
15 353 1
1245 1042 1
1742 2596 1
1764 148 1
1207 7678 1
1404 277 1
818 266 1
1153 3504 1
1327 483 1
1841 112 1
720 183 1
1361 136 1
1026 263 1
99 2585 1
867 10728 1
939 10150 1
1605 2775 1
219 4341 1
1260 10802 1
1596 915 1
1063 5876 1
25 975 1
623 6742 1
251 1133 1
1652 249 1
1653 1735 1
524 7757 1
1513 6118 1
1624 15798 1
1570 930 1
1269 3565 1
878 1055 1
655 8997 1
277 5124 1
677 5284 1
538 2597 1
535 250 1
1674 16138 1
1715 9092 1
1086 3528 1
539 131 1
28 1019 1
1317 274 1
775 2280 1
1475 1836 1
1790 187 1
1771 6371 1
264 3101 1
622 3547 1
1808 788 1
223 549 1
1297 16 1
1342 568 1
788 1695 1
855 566 1
389 2597 1
1183 3401 1
266 656 1
485 481 1
834 38 1
1090 12399 1
842 1476 1
1797 20 1
1760 279 1
1814 391 1
1371 293 1
881 1849 1
206 1611 1
451 255 1
350 4130 1
874 10787 1
820 8310 1
722 21 1
1856 855 1
627 498 1
982 11513 1
70 1997 1
1520 379 1
372 38 1
1084 156 1
1089 12392 1
1362 30 1
203 199 1
967 241 1
607 3015 1
1732 1151 1
877 24 1
88 2439 1
353 4621 1
1196 476 1
459 2673 1
826 9545 1
576 46 1
1265 13580 1
752 9831 1
331 5710 1
368 2985 1
215 2925 1
1545 4794 1
556 5968 1
54 1635 1
1257 737 1
1589 15617 1
1205 528 1
33 1133 1
113 2896 1
831 913 1
211 4257 1
424 1915 1
1116 2767 1
319 5608 1
293 631 1
614 7939 1
1446 8321 1
1618 3341 1
758 916 1
1889 4225 1
1025 11830 1
337 8 1
1439 271 1
1389 436 1
170 3619 1
1263 112 1
1684 16245 1
789 156 1
497 1955 1
74 2104 1
1291 241 1
1849 2869 1
162 3550 1
417 6716 1
1172 3017 1
255 4785 1
215 248 1
1781 909 1
417 6695 1
1405 14443 1
423 6773 1
838 487 1
368 2316 1
691 993 1
141 490 1
1516 6634 1
637 798 1
1731 3382 1
1671 1410 1
1869 176 1
1795 375 1
1368 1849 1
713 1892 1
1592 8239 1
733 5195 1
1535 2352 1
441 4541 1
616 8337 1
1245 4043 1
1323 2597 1
740 1418 1
784 1141 1
1632 274 1
591 868 1
508 159 1
87 2424 1
1121 8306 1
1585 2645 1
34 1164 1
1417 9022 1
1617 3 1
231 2435 1
1025 11857 1
1622 512 1
1100 3590 1
921 195 1
1532 3083 1
885 675 1
1736 1232 1
1358 183 1
603 1133 1
428 1370 1
1862 3940 1
153 3413 1
291 2035 1
83 241 1
1593 654 1
114 2902 1
1558 156 1
1228 494 1
1012 1817 1
1805 240 1
1851 2028 1
957 2552 1
1430 1365 1
148 3136 1
842 386 1
1269 451 1
131 855 1
467 802 1
743 907 1
524 7763 1
1311 851 1
303 5419 1
1412 46 1
487 38 1
1161 478 1
1691 158 1
4 235 1
916 414 1
173 8 1
1516 15144 1
1729 16611 1
1667 273 1
1480 1633 1
1403 2671 1
651 2279 1
29 169 1
1127 1368 1
378 16 1
269 139 1
917 272 1
1281 453 1
228 7 1
508 1357 1
297 496 1
352 1338 1
368 762 1
1005 1959 1
1230 1494 1
1567 15500 1
631 4323 1
1873 293 1
1137 267 1
29 823 1
986 11557 1
1017 2109 1
1295 13746 1
88 2038 1
1198 177 1
753 3955 1
1434 1372 1
459 793 1
436 6913 1
1821 239 1
985 11084 1
1350 14091 1
1 53 1
976 1600 1
409 6417 1
642 4 1
1248 2734 1
777 1175 1
674 244 1
1607 125 1
563 579 1
606 137 1
714 259 1
1032 178 1
599 8497 1
947 46 1
1058 453 1
1301 10023 1
1852 1034 1
978 2012 1
621 985 1
208 4244 1
818 241 1
1211 1913 1
40 1362 1
763 4348 1
1791 17011 1
293 436 1
746 279 1
1657 1558 1
641 1758 1
1467 1362 1
1362 375 1
22 733 1
1839 1337 1
1117 12639 1
1454 14673 1
456 2558 1
60 1771 1
1274 4018 1
1176 1641 1
1876 805 1
981 411 1
1648 3763 1
1336 281 1
16 678 1
1003 1336 1
1208 579 1
998 11628 1
1575 691 1
1171 13022 1
1305 6478 1
683 587 1
1764 1061 1
1703 936 1
1140 267 1
38 1217 1
267 4545 1
607 659 1
650 922 1
1681 2457 1
431 6857 1
953 1574 1
26 629 1
751 250 1
1512 1753 1
28 1017 1
1488 14939 1
1773 8153 1
1201 333 1
198 122 1
1808 1070 1
422 1041 1
1633 5727 1
1445 3415 1
1316 7836 1
1765 654 1
594 176 1
520 2873 1
670 1359 1
355 564 1
132 368 1
1206 6216 1
186 178 1
1724 647 1
25 945 1
1841 5976 1
805 10267 1
492 639 1
152 1410 1
1214 656 1
1241 378 1
25 980 1
247 4614 1
369 1050 1
179 443 1
1344 1070 1
78 2204 1
1663 6556 1
1384 2113 1
405 1844 1
1552 15404 1
547 7987 1
1005 9540 1
1255 5635 1
1368 3046 1
234 3996 1
491 1372 1
754 14 1
1782 498 1
1640 15902 1
1847 1976 1
1768 245 1
875 4814 1
1348 14069 1
889 3608 1
660 9072 1
1275 635 1
837 5389 1
41 564 1
1685 1994 1
1796 704 1
1477 148 1
20 112 1
1195 1195 1
838 2768 1
1253 1777 1
494 21 1
460 2543 1
876 371 1
1607 15731 1
563 1744 1
1463 9894 1
1167 11729 1
282 38 1
545 487 1
1152 4570 1
1874 391 1
682 6227 1
195 375 1
1376 14331 1
1529 15191 1
1356 1428 1
13 182 1
1738 9788 1
367 6156 1
1113 3975 1
926 2894 1
317 255 1
1628 15848 1
200 4127 1
0 39 1
1013 11755 1
277 5127 1
218 190 1
1881 1386 1
1590 704 1
1143 7814 1
105 282 1
413 6424 1
1105 14 1
184 2981 1
485 1004 1
931 6522 1
668 1150 1
275 867 1
219 249 1
1512 1910 1
696 182 1
1519 133 1
1122 106 1
1474 14858 1
1260 13559 1
169 38 1
488 436 1
1572 12462 1
461 282 1
128 249 1
1096 12438 1
1003 3139 1
1295 13745 1
1551 3701 1
710 4606 1
612 8629 1
367 1506 1
944 47 1
635 5787 1
1544 15318 1
1269 139 1
728 1349 1
1717 244 1
1424 243 1
886 3283 1
478 6227 1
260 4846 1
1005 11707 1
1083 12359 1
379 6258 1
1278 1067 1
697 9405 1
111 2839 1
289 266 1
839 7456 1
144 238 1
1266 493 1
167 2306 1
1788 1323 1
1758 6134 1
1626 1199 1
396 6435 1
1662 14 1
345 414 1
276 5096 1
16 339 1
639 4300 1
897 101 1
58 1736 1
1760 2015 1
593 1342 1
242 183 1
1277 328 1
1328 186 1
1691 643 1
501 749 1
1148 273 1
598 8482 1
1566 2767 1
1400 103 1
900 6370 1
96 1632 1
1268 1061 1
1730 10670 1
366 6146 1
822 10378 1
306 5452 1
263 2279 1
165 293 1
1299 9990 1
1558 1476 1
1640 1049 1
444 180 1
1114 11144 1
525 3373 1
321 176 1
427 403 1
189 1060 1
731 4732 1
1019 366 1
1348 643 1
1682 4171 1
423 6770 1
307 16 1
492 654 1
1289 964 1
200 4107 1
1305 641 1
1086 33 1
651 6648 1
1807 1897 1
1532 2826 1
1399 3139 1
847 382 1
1288 13723 1
66 816 1
940 9154 1
814 267 1
743 868 1
313 200 1
1054 12118 1
1605 15716 1
194 483 1
1377 805 1
1018 7047 1
20 808 1
861 139 1
79 2266 1
48 788 1
1854 449 1
1087 21 1
1605 4664 1
1237 12523 1
42 1405 1
390 120 1
135 112 1
1131 176 1
1185 493 1
217 245 1
627 245 1
339 242 1
1526 1353 1
1098 695 1
1083 12352 1
558 8076 1
110 2802 1
520 400 1
1653 177 1
1437 251 1
931 2543 1
1398 391 1
1666 3848 1
910 298 1
1280 1502 1
1091 366 1
1214 867 1
270 551 1
1004 2 1
101 2630 1
1389 1069 1
1384 1419 1
1354 963 1
878 10818 1
111 2860 1
437 6957 1
1368 4099 1
783 2565 1
944 8938 1
1676 596 1
1876 11272 1
1471 14838 1
124 415 1
978 8054 1
975 251 1
486 1064 1
1587 234 1
821 10373 1
847 1715 1
1473 594 1
1465 14775 1
1860 17426 1
1420 998 1
514 897 1
614 3379 1
969 244 1
382 1574 1
1445 435 1
837 3122 1
1405 14441 1
1530 121 1
778 21 1
1602 909 1
613 8674 1
413 1010 1
1130 101 1
201 798 1
1276 11536 1
263 1600 1
438 5485 1
1287 498 1
198 1676 1
1031 1551 1
733 1602 1
1641 15920 1
1773 16894 1
388 630 1
1254 270 1
519 7704 1
1389 122 1
475 3879 1
93 237 1
638 1291 1
895 3950 1
132 475 1
731 148 1
223 2071 1
1690 2391 1
1693 3069 1
726 255 1
1723 2283 1
18 493 1
1162 178 1
1290 1365 1
88 238 1
395 816 1
46 1464 1
491 1139 1
364 6121 1
362 2771 1
1587 9724 1
1831 17293 1
502 1866 1
1468 2804 1
386 416 1
808 174 1
116 2922 1
26 996 1
1222 1846 1
625 8803 1
1403 1777 1
1220 418 1
427 454 1
47 656 1
1229 1474 1
114 870 1
291 2031 1
118 2963 1
1496 2399 1
1530 15204 1
1778 1893 1
809 416 1
375 790 1
467 472 1
779 1817 1
1853 17003 1
755 985 1
353 6001 1
1721 3339 1
1293 1956 1
25 21 1
1083 1864 1
1062 1676 1
1860 490 1
525 251 1
1744 325 1
1590 2965 1
1407 438 1
1075 651 1
393 4718 1
129 3116 1
1682 2631 1
762 9943 1
577 228 1
433 174 1
1598 3326 1
362 468 1
1221 103 1
802 178 1
922 2392 1
985 633 1
526 7800 1
289 1423 1
177 551 1
1390 449 1
476 7311 1
1051 3744 1
572 1323 1
1466 14800 1
869 683 1
459 7122 1
459 1489 1
302 896 1
316 5562 1
970 582 1
292 1258 1
1283 10742 1
1129 4938 1
342 5862 1
1146 155 1
247 4728 1
1716 16499 1
226 2720 1
1234 2396 1
973 11475 1
1090 12395 1
1691 16311 1
1531 101 1
1606 15727 1
1416 4139 1
1867 4443 1
404 3617 1
5 275 1
16 680 1
981 274 1
659 9042 1
1763 16863 1
759 9888 1
1184 174 1
587 169 1
1257 481 1
190 867 1
417 6709 1
1781 2721 1
515 939 1
897 2900 1
492 1338 1
145 3286 1
676 691 1
401 822 1
588 2917 1
373 984 1
1794 3560 1
1337 13996 1
973 278 1
789 368 1
1589 1767 1
1158 683 1
1363 14283 1
975 282 1
1441 461 1
432 6879 1
1321 489 1
1315 448 1
90 4 1
1427 4472 1
1529 15188 1
1437 651 1
1470 14819 1
1879 1144 1
123 3048 1
1613 383 1
1079 1639 1
1592 749 1
484 7389 1
1466 14790 1
903 255 1
123 1963 1
270 16 1
734 901 1
1588 298 1
208 3162 1
1414 1049 1
1873 309 1
151 3395 1
1800 6292 1
1148 7411 1
1404 4 1
742 9481 1
554 1365 1
1385 45 1
216 237 1
203 2481 1
1465 14761 1
718 1361 1
1321 244 1
1164 2289 1
601 3190 1
1387 868 1
1766 14608 1
1808 13903 1
728 148 1
1611 7713 1
184 1710 1
1080 837 1
797 438 1
667 1328 1
1024 405 1
1075 7826 1
714 1042 1
1518 144 1
509 3031 1
1115 1715 1
1767 11884 1
636 922 1
1815 1223 1
1634 839 1
253 919 1
1342 489 1
1466 14779 1
27 488 1
353 5992 1
1542 176 1
1250 394 1
1304 816 1
772 379 1
104 2712 1
1476 277 1
1664 732 1
878 10808 1
1072 362 1
378 299 1
1332 132 1
551 855 1
295 866 1
920 156 1
1093 406 1
554 1096 1
629 8836 1
1752 5615 1
1096 549 1
1566 651 1
55 241 1
762 8552 1
842 659 1
462 630 1
1552 9963 1
46 1456 1
845 298 1
1171 1378 1
1698 950 1
777 103 1
762 182 1
1623 237 1
23 874 1
1203 2489 1
380 6275 1
992 3162 1
390 1196 1
1444 3820 1
1169 12996 1
1824 919 1
477 7323 1
1891 17627 1
1427 371 1
536 439 1
1382 4060 1
400 6461 1
717 6016 1
353 5995 1
1051 483 1
179 2539 1
834 851 1
876 177 1
126 3080 1
908 103 1
1521 158 1
511 569 1
113 2887 1
766 7480 1
1024 854 1
726 239 1
1821 478 1
1288 2835 1
684 9293 1
145 492 1
1686 798 1
1866 4097 1
1482 14890 1
382 435 1
1554 15434 1
1129 659 1
273 637 1
678 7793 1
1089 439 1
536 5854 1
779 1837 1
1414 155 1
1504 267 1
189 129 1
1344 14034 1
426 6799 1
956 244 1
656 9017 1
1665 238 1
1518 237 1
395 48 1
1327 994 1
570 2783 1
1482 14893 1
1581 112 1
352 274 1
367 4548 1
586 5655 1
1523 647 1
1041 10476 1
38 1321 1
692 9356 1
257 3913 1
1724 2469 1
771 4139 1
1505 4085 1
937 2582 1
1565 237 1
1301 4598 1
1343 2457 1
1303 755 1
1570 274 1
657 8034 1
1671 493 1
1480 14052 1
1887 11806 1
821 10376 1
15 645 1
988 237 1
566 4 1
269 273 1
883 176 1
792 478 1
1173 861 1
954 1145 1
93 282 1
1022 21 1
1653 3563 1
796 805 1
355 1073 1
561 475 1
262 868 1
1158 3093 1
518 247 1
1308 408 1
907 3162 1
1416 328 1
552 8039 1
323 16 1
1711 172 1
1851 630 1
363 3009 1
1745 994 1
297 251 1
556 2565 1
1361 14270 1
822 10380 1
1858 336 1
999 11148 1
1594 1597 1
1879 1909 1
486 2279 1
803 169 1
1331 6335 1
1619 1359 1
437 282 1
481 624 1
1785 136 1
494 7481 1
1551 2467 1
1004 30 1
319 1878 1
1342 5120 1
1868 3402 1
966 11428 1
1600 282 1
604 238 1
555 5615 1
879 1404 1
926 468 1
888 238 1
1383 473 1
482 33 1
1389 103 1
195 624 1
231 856 1
1672 2333 1
1301 733 1
1468 1159 1
1257 249 1
1364 403 1
1370 2923 1
961 4276 1
1168 7075 1
873 6803 1
638 948 1
423 828 1
1788 2675 1
1017 2544 1
35 371 1
141 488 1
1101 12490 1
643 416 1
1486 740 1
1506 880 1
592 274 1
529 176 1
690 9342 1
1656 244 1
341 447 1
1698 238 1
488 249 1
1445 282 1
1607 161 1
783 10138 1
1283 1339 1
634 238 1
234 914 1
718 2856 1
1871 5235 1
558 8085 1
1872 1642 1
1189 1069 1
559 3513 1
722 19 1
1140 241 1
1809 156 1
126 3090 1
1841 14 1
140 2043 1
894 328 1
709 1849 1
1309 659 1
850 461 1
387 242 1
1480 660 1
1503 15046 1
1868 11137 1
937 133 1
641 7533 1
848 1636 1
660 7079 1
98 103 1
423 1962 1
1547 492 1
911 293 1
982 1387 1
1240 2753 1
1281 641 1
1536 816 1
857 8689 1
673 9164 1
469 38 1
832 1159 1
1790 1359 1
1163 1026 1
1698 951 1
570 3156 1
975 2435 1
913 10112 1
1272 2561 1
419 3328 1
1570 416 1
1054 1756 1
173 108 1
800 3402 1
359 267 1
1058 8111 1
1017 101 1
5 259 1
1561 798 1
384 855 1
690 9339 1
1684 1378 1
639 8891 1
753 797 1
486 909 1
508 3591 1
1462 142 1
908 798 1
1349 8837 1
1577 901 1
565 2727 1
274 5032 1
1757 30 1
397 241 1
734 4969 1
1625 15827 1
1805 4014 1
1813 1473 1
360 1365 1
689 6264 1
84 1879 1
1598 2673 1
1802 10630 1
1089 7987 1
684 2912 1
977 4549 1
844 2783 1
1881 7342 1
1277 2525 1
1030 454 1
1249 880 1
1817 247 1
78 2210 1
28 1021 1
576 255 1
205 4197 1
1202 9534 1
1740 1373 1
1403 2788 1
775 2721 1
1408 178 1
1028 241 1
1501 200 1
1804 14207 1
1063 12205 1
668 4050 1
1864 110 1
737 237 1
1188 200 1
1539 2518 1
848 1631 1
423 6759 1
636 267 1
1003 11700 1
912 563 1
1710 3009 1
29 119 1
1362 549 1
1518 1738 1
1778 16940 1
416 3703 1
61 1810 1
875 683 1
936 1375 1
802 103 1
442 6993 1
1242 13455 1
27 421 1
1615 241 1
1153 1199 1
583 1195 1
276 5076 1
1788 867 1
861 867 1
204 106 1
1445 281 1
1118 12647 1
1612 993 1
685 3321 1
1626 5141 1
87 2423 1
1329 411 1
1830 6521 1
461 139 1
1812 17178 1
1473 9153 1
229 250 1
1237 13406 1
331 4337 1
1711 572 1
1536 3590 1
1303 13802 1
449 1858 1
211 4262 1
1820 183 1
503 139 1
1167 7199 1
1565 1633 1
679 182 1
195 243 1
371 659 1
160 3542 1
106 156 1
150 2992 1
1304 656 1
585 103 1
1328 5754 1
1702 657 1
553 282 1
1019 483 1
634 1430 1
1051 12062 1
100 2606 1
679 817 1
1787 487 1
808 112 1
1482 13886 1
1588 293 1
556 4961 1
118 1355 1
1765 4 1
562 391 1
526 7794 1
1320 243 1
451 1077 1
1759 2748 1
1607 2533 1
1078 5687 1
1533 493 1
1573 1145 1
745 1024 1
1137 282 1
573 8257 1
712 265 1
682 450 1
505 1070 1
1061 12190 1
1402 14430 1
467 475 1
1498 2428 1
1281 1336 1
1258 3719 1
103 788 1
1350 2377 1
544 7957 1
647 8957 1
1428 14565 1
1879 382 1
460 1374 1
1067 1349 1
1807 725 1
1824 14418 1
1142 2214 1
1361 1012 1
12 523 1
427 136 1
1328 13922 1
549 7919 1
109 2785 1
759 14 1
458 1359 1
1047 759 1
934 1718 1
511 3353 1
79 2236 1
275 1474 1
29 327 1
1390 178 1
871 10750 1
662 1159 1
1734 379 1
1700 13185 1
82 2318 1
1052 10717 1
987 9964 1
1048 6749 1
699 2410 1
1238 867 1
841 656 1
1775 2083 1
1689 3223 1
1412 237 1
1724 166 1
1544 15322 1
462 1951 1
598 582 1
368 169 1
1323 467 1
633 103 1
1539 1478 1
999 2706 1
1616 2717 1
1693 6698 1
905 7096 1
1150 1710 1
386 1868 1
615 880 1
1298 255 1
904 2283 1
836 6848 1
1712 855 1
1236 443 1
1466 5335 1
838 3277 1
367 961 1
1364 1041 1
35 1199 1
225 1415 1
1452 249 1
1266 13598 1
328 856 1
326 269 1
909 4050 1
636 416 1
1314 48 1
1214 790 1
298 3998 1
100 2597 1
1182 3401 1
461 909 1
670 9145 1
1578 10364 1
467 4138 1
526 2829 1
1033 11932 1
393 6409 1
597 3140 1
925 963 1
1534 164 1
966 3157 1
373 1418 1
1594 15640 1
1267 2289 1
899 5033 1
1111 912 1
1258 998 1
1319 13532 1
252 4756 1
739 245 1
822 10117 1
672 1474 1
62 1148 1
1613 1594 1
1259 158 1
1351 14104 1
1428 487 1
558 187 1
1275 2376 1
734 860 1
219 476 1
2 108 1
1788 2767 1
13 568 1
1740 425 1
1573 12784 1
11 122 1
1797 17065 1
123 3055 1
1764 108 1
1603 10364 1
1764 568 1
877 106 1
478 1082 1
57 1694 1
955 438 1
1650 6565 1
688 1777 1
656 9015 1
813 1317 1
1837 411 1
1200 1139 1
1066 911 1
900 1349 1
1844 3657 1
565 8210 1
282 309 1
50 136 1
1757 2992 1
419 6741 1
1202 175 1
738 9666 1
1146 180 1
399 629 1
1568 15510 1
700 1574 1
689 868 1
1454 3763 1
410 2863 1
1071 2771 1
4 216 1
1535 436 1
990 396 1
606 320 1
163 397 1
193 704 1
647 8962 1
1107 12569 1
211 1994 1
452 7063 1
1547 1196 1
152 3396 1
1770 657 1
1730 9975 1
683 448 1
460 3049 1
844 2116 1
482 396 1
1458 822 1
1340 1141 1
639 8883 1
1031 166 1
1333 282 1
1810 177 1
29 483 1
1731 666 1
668 8113 1
1865 158 1
1415 629 1
701 9432 1
290 5259 1
12 524 1
311 5497 1
87 815 1
1504 257 1
1028 1049 1
1078 8108 1
966 448 1
999 1946 1
773 867 1
424 553 1
1193 2568 1
461 251 1
383 637 1
672 870 1
1153 2968 1
461 7145 1
1547 1049 1
353 5997 1
568 629 1
1256 1334 1
1699 16360 1
