579
815
701
556
1576
1111
1565
222
1762
982
1616
187
156
1062
1580
210
823
28
280
1300
257
1468
393
1381
1056
1272
970
1343
1014
605
871
1194
1208
757
1858
834
122
1260
671
1811
1406
1456
129
410
1317
1648
1016
82
501
844
918
254
1877
409
734
350
549
1225
75
1705
1831
181
1657
1387
968
1084
235
1556
51
1788
91
1448
1435
173
1780
1801
1228
808
189
932
1412
673
965
363
84
600
1359
983
1710
1802
119
1048
211
973
497
1820
33
1813
1002
385
240
1082
475
358
963
594
1133
1441
1485
1789
984
60
374
563
909
1771
1416
1683
845
411
127
996
1804
125
783
160
1682
1553
676
1258
1833
870
1270
281
629
948
1350
702
509
1403
474
419
814
397
1879
1846
1465
1445
420
1140
36
1489
958
1345
25
1530
1523
1259
1446
681
1844
1687
1033
318
1351
1390
784
68
1823
1528
1307
635
483
778
650
1461
1025
790
1256
1234
785
1740
1787
29
1816
1776
750
1102
535
1158
1751
19
334
346
857
163
1784
1886
667
722
80
811
1397
1829
467
742
1860
429
792
229
1095
824
1337
269
613
1331
30
96
806
592
24
1800
1253
1773
1560
1608
1274
1303
1335
755
336
627
1483
1843
1627
1680
1693
1548
1210
344
892
1876
271
413
864
169
1775
993
1316
1219
683
620
1114
1646
56
1718
308
1535
81
997
1073
557
65
1457
986
1694
1664
774
1803
662
812
1047
1525
1781
1203
21
373
1236
1561
1242
1375
1870
304
147
1799
1077
1386
343
479
542
517
1464
101
1767
1295
1542
7
680
330
1340
1791
403
927
883
769
1717
1603
618
839
658
1362
886
155
157
518
941
188
1289
1732
786
48
530
1618
100
848
1299
1541
1884
1425
604
1370
1866
135
1550
1220
625
642
1330
1009
402
248
991
161
622
1835
1438
1543
862
1676
3
1522
876
234
327
788
1689
383
417
1635
1631
832
990
1248
1536
1638
926
852
58
376
1154
972
360
980
265
73
537
1832
555
368
131
1338
1659
349
1011
1557
396
674
1818
1182
1168
668
1735
1569
1329
1119
274
917
621
114
433
52
1038
1037
606
1840
1644
1150
800
1366
587
1484
765
1849
388
301
802
1028
300
149
574
744
1117
686
1491
407
278
572
112
1442
1862
464
1427
405
9
1636
763
780
904
311
1132
1571
847
820
472
1741
1426
1269
902
488
1458
404
1714
314
1463
414
1355
624
1090
1641
1199
117
499
284
386
1206
1743
500
447
1394
238
540
546
733
1439
1015
1721
1166
1677
1162
457
974
455
1473
907
1372
1302
130
1263
1172
303
375
1487
608
1763
977
735
206
468
925
1527
724
306
23
110
481
1058
1318
1640
1306
1759
286
1232
891
1344
231
342
919
510
1842
782
1607
424
962
1643
582
66
340
548
930
444
640
109
1085
762
687
1752
898
1696
661
434
1469
440
819
1821
321
268
2
39
1797
504
53
1312
1130
98
1533
953
1170
743
1076
831
612
1286
415
200
1436
1313
1880
466
597
1034
5
695
1349
552
1369
1252
842
1279
1606
1814
380
1127
855
1505
1729
585
1189
113
190
1181
513
338
1841
1673
646
236
442
1030
1136
207
1861
541
666
174
8
1183
1452
1278
302
714
1156
633
6
1157
77
807
1190
896
981
59
648
1046
1632
365
1695
408
292
639
120
1124
1575
969
878
1720
1779
1233
1629
590
959
1371
1750
1373
799
1656
1250
1066
325
71
463
1690
1121
430
195
1089
630
1052
1730
697
1026
1871
1324
1173
1555
1650
1830
1598
1875
335
1807
79
1855
369
1116
803
72
1544
1377
1413
538
1867
1050
531
1630
1756
1785
453
197
1153
1255
698
503
126
128
1444
1716
1516
645
867
139
1494
458
178
61
872
224
1296
87
577
137
943
995
1472
623
1036
124
1143
212
1795
937
1391
262
1408
78
331
193
378
62
791
1744
726
459
164
297
1200
616
215
316
461
141
1361
1218
827
45
1624
924
1739
737
1418
18
1660
381
209
1655
1229
766
140
817
67
1625
859
688
858
1310
1889
1524
494
1510
1006
1881
1404
1017
416
470
647
1422
1399
1239
298
1537
550
1863
1353
897
1449
660
191
682
1590
371
699
489
736
956
533
841
1246
1806
913
685
672
256
1764
1
329
706
1424
818
900
887
1078
315
889
1305
523
1586
1294
270
721
866
954
703
1043
1545
1551
1501
1420
851
1109
716
1347
1582
1609
446
1146
253
1068
567
1348
854
1467
1572
1851
1701
515
83
741
775
534
1112
353
888
1035
1176
1774
431
279
1421
151
758
1191
1459
273
313
632
1087
332
1612
1808
1713
1320
1336
528
771
1546
69
519
779
1069
598
1783
707
869
111
1796
524
772
1175
309
931
1755
643
626
232
911
1383
1057
809
1328
448
1672
1733
1538
102
1868
933
731
1251
1298
879
1825
356
539
1836
184
1890
143
1216
738
709
14
1738
999
915
1554
1440
89
1223
739
1261
108
115
1478
1702
634
1231
998
1845
1245
553
884
1197
1155
1241
1322
469
1709
793
436
825
1433
1072
751
13
260
746
833
1276
1198
1790
1786
1414
250
1314
1003
730
1745
1443
1161
1826
208
1850
1583
1032
1482
74
1107
1100
868
1063
679
1839
237
1622
1869
116
1477
310
1152
1728
1704
566
1824
1327
243
64
581
287
700
176
1333
1103
1215
529
1540
1552
495
1747
665
1604
1674
217
1819
136
829
875
1812
1854
1500
354
1282
15
70
1415
1529
1169
1352
93
1171
1517
1600
94
1758
390
1368
1065
1481
1466
756
31
1319
10
1088
1454
244
1293
773
226
940
1174
1400
1049
54
242
559
929
239
718
1120
328
536
1384
348
20
1434
1075
400
826
1128
675
885
1024
507
1772
1647
460
1334
1380
480
319
935
565
88
795
357
1410
544
789
1499
1697
275
1105
1357
1405
1581
1010
277
1770
1874
797
1395
607
170
801
1692
49
46
1671
1054
1460
17
1724
561
76
903
1093
1663
873
670
1712
450
437
711
339
554
752
456
874
263
1493
150
1382
399
1838
1180
944
821
1596
1342
1195
1265
1378
601
547
259
732
1864
355
1275
656
657
12
1284
696
38
138
322
233
1665
989
123
713
1398
205
725
853
283
934
1765
1147
1139
1888
1243
1642
1753
379
1549
816
1588
57
1667
37
543
1264
1346
946
42
198
921
1431
90
1585
392
964
947
485
992
895
729
1792
377
44
1578
175
1476
1509
628
1108
1311
994
364
1778
768
166
289
1633
987
644
728
1760
949
1475
418
439
767
502
1654
1148
395
1451
748
1288
441
936
230
252
1520
1096
1184
299
1308
426
950
1639
255
1470
1513
1661
1558
1110
575
1167
988
95
1504
1226
421
747
97
121
837
1686
619
1292
85
1486
850
1532
1563
345
1067
560
776
41
1471
589
194
1039
296
1221
1027
245
570
805
1137
476
1092
1567
1131
638
1266
877
1042
527
1123
830
1287
689
1497
649
1649
1356
1160
1185
1257
1106
1179
172
218
1623
1325
22
1848
276
754
387
1008
1392
1041
573
443
162
1706
838
894
1828
1777
804
719
1064
1599
893
641
486
551
835
317
1091
192
663
923
1163
493
92
142
1566
1379
1304
881
1061
1134
1589
759
505
1204
213
1125
1339
295
1651
1104
1126
576
372
1805
1055
906
516
1887
1593
11
1411
971
1652
615
770
1769
922
258
1601
326
938
1419
1519
1882
1810
1707
186
684
1273
1594
1722
272
836
1142
659
584
1872
40
860
1883
359
1021
471
1332
473
1515
1099
323
1001
1115
715
1309
1022
910
593
1675
1794
282
1450
939
288
761
104
610
1040
1521
957
690
1564
588
1000
985
1526
856
583
34
1502
787
1782
307
1023
545
976
484
1506
512
1857
1389
168
1573
1579
382
1827
1280
720
1645
1141
146
1626
636
1817
1437
1793
942
694
16
1592
1354
1409
1240
1254
394
86
578
1165
705
1081
1213
1685
580
1503
1177
320
916
960
1051
183
182
1669
506
1224
514
798
1809
159
1376
1285
103
1507
1757
822
341
153
1703
710
764
1201
1118
1080
1018
391
1238
1249
454
727
1230
1237
1547
781
1364
1315
220
105
144
1761
1684
221
1617
1186
951
1700
865
828
366
203
219
1723
1742
522
1070
1480
796
1462
1430
1574
1192
179
1570
1474
723
1725
106
905
1283
520
655
846
569
423
291
1358
1045
1534
293
347
333
312
1766
491
979
1429
1323
813
1271
1798
692
1605
966
445
899
4
1614
1211
1726
1029
1768
861
1620
1341
1621
1019
1885
1619
1490
216
1262
651
1129
1754
882
432
602
352
849
945
603
1668
1214
55
99
1455
1385
1587
1873
154
477
1235
1514
199
1602
1658
241
337
389
1396
1301
428
225
1653
1363
1193
1748
422
1496
1688
511
745
1492
1498
1113
63
266
133
43
1138
609
591
401
1149
1837
305
599
35
201
1615
384
398
1094
202
261
1083
1367
708
498
1737
978
1144
1678
435
1637
285
482
148
246
975
1495
712
508
177
134
1005
451
810
1719
214
1098
1291
525
438
47
204
614
1321
449
961
185
1212
294
26
1122
487
1417
370
637
840
749
1007
1611
1597
1610
1060
1853
1670
50
1059
1227
1736
967
1679
171
1512
704
693
908
1891
361
1428
955
1135
1666
1591
653
1013
478
1432
1834
1518
586
1079
596
1267
1244
290
843
1539
664
1053
