440
1839
704
1390
655
1117
907
153
292
566
1352
1553
257
1461
1616
1269
264
1118
996
1035
319
38
1306
1737
1720
933
1421
1291
1373
882
1462
889
618
1055
1820
612
837
176
641
856
935
910
1502
569
10
205
1863
1298
785
866
701
1788
308
228
332
589
345
485
1385
736
1775
1052
1708
579
1463
98
315
449
1324
1004
1656
1478
941
389
1824
790
104
1879
238
1368
1735
1729
992
731
183
1842
1537
191
1755
469
234
413
1258
1135
1661
1122
981
165
1288
1701
1125
1226
1268
972
182
1418
1062
134
1084
702
254
331
1609
1406
739
625
130
1630
507
919
783
294
1877
503
1172
1823
458
975
1053
1054
651
970
1806
1428
931
867
1817
122
1850
1359
822
804
528
5
1690
1255
1092
1217
357
800
1881
1507
361
1078
1339
809
114
537
20
777
117
1366
544
1409
468
769
1767
826
601
798
1724
1014
1579
1034
1785
28
1581
1739
661
1057
559
1801
1236
711
1436
1536
21
436
1113
219
1026
19
1346
1539
1501
619
1219
888
859
632
869
135
1040
675
1412
36
659
1613
1583
349
1762
1335
968
1314
463
588
784
657
1002
688
467
1707
1073
1815
1013
1253
1678
607
1289
422
1222
894
1437
94
563
712
378
690
971
333
942
82
325
1208
1244
1844
97
326
11
605
805
1516
368
819
862
1644
901
145
1349
1000
617
1840
1717
710
1459
91
1427
1010
753
813
1400
1784
45
1372
1157
1514
1612
1880
1719
465
133
68
223
733
1080
877
1722
768
628
1704
854
852
577
164
956
1043
1670
1277
477
1549
1599
1077
358
648
1362
395
1195
514
1505
1320
878
974
1239
598
587
1694
1392
883
986
1088
843
1363
2
872
174
666
1763
1196
526
817
567
1714
513
799
568
1561
1790
386
874
1367
295
159
836
845
1497
640
1022
629
830
624
314
327
808
1108
1371
1333
58
65
102
1869
1184
1754
1827
1662
1271
1855
896
1506
1573
562
1287
927
816
602
1167
643
148
637
839
69
1615
1526
484
523
1732
1884
161
1554
299
654
1223
766
49
1560
1430
1705
1201
190
1047
1411
1188
1247
1530
1316
1669
1687
692
441
1218
858
606
682
1049
266
1249
6
1424
546
1768
211
1843
767
380
850
479
873
1576
684
305
691
1318
600
705
247
448
1665
1016
844
1891
840
1541
70
302
788
1030
1448
814
1635
1297
1378
118
452
732
893
943
1593
1137
686
1605
1738
50
1120
1048
1131
1641
1652
646
406
938
892
16
1296
673
401
1312
1308
1452
1142
316
1810
1032
131
853
146
1154
416
580
1342
251
786
1414
1786
1673
427
1509
1327
260
1162
1119
1351
370
147
916
473
309
1379
1693
922
1731
838
430
486
1083
1627
208
921
1045
425
677
738
63
538
1063
1654
656
495
776
207
355
715
180
1038
139
713
638
1067
213
1281
125
35
1456
1458
1229
434
1089
447
1133
246
1777
1115
1001
446
1684
1290
1476
1354
1319
1835
404
462
775
1508
1558
268
1394
1791
1454
1139
1595
1783
1677
83
1317
397
747
1473
431
1311
550
233
1885
1376
1532
812
144
1267
573
988
1793
7
1636
188
1674
796
989
394
73
112
1510
831
1370
185
261
1752
160
385
1789
824
596
960
18
480
52
298
994
342
522
1169
1546
558
156
847
842
33
167
504
545
967
226
699
1734
906
1003
818
1528
1037
1446
1513
1632
8
123
581
983
1883
871
780
457
973
24
360
930
1248
382
1114
939
157
1156
269
1682
1598
683
575
1435
662
1606
1042
1825
1025
1490
1709
1410
1746
186
1556
1643
954
335
707
1486
1664
15
516
1441
209
1851
714
491
718
88
1557
955
1186
703
1284
509
645
250
754
532
976
1109
499
1066
1303
1523
851
1064
833
1868
902
414
1544
1273
1358
1337
1374
1215
1480
1848
1274
1285
277
1280
541
1600
846
181
285
1774
685
952
1275
1278
915
1128
71
700
592
716
203
696
1696
194
815
543
1266
1310
1232
561
1087
1531
1870
1495
1262
1535
534
95
1809
1008
1072
918
1321
1292
1637
120
951
280
1692
437
914
820
884
22
371
419
668
1041
284
742
1680
669
225
1230
1130
912
57
1415
1672
995
1171
1760
861
1586
1384
323
1027
252
1246
1805
1238
549
876
578
293
1140
1493
810
152
1470
1485
1761
1574
582
86
1533
1051
647
1440
347
1403
1276
1429
78
312
1175
1199
313
1698
240
286
1007
1749
263
1534
47
642
444
636
40
1348
621
552
445
1545
184
1653
79
1875
510
1397
1550
353
1472
1127
1577
450
1203
1587
1689
423
1773
1141
367
1727
1227
456
911
1263
300
615
1345
339
232
1182
1123
1733
215
1776
1765
868
1396
913
1551
466
279
791
101
1800
31
1144
794
197
77
728
630
891
1618
96
1286
220
1876
828
564
1152
1341
1231
124
192
244
1517
520
1355
1745
1715
87
150
1331
1166
27
1442
761
658
689
1404
451
142
243
1834
1107
1651
359
179
757
1205
373
781
1603
1420
364
407
1847
1039
281
1417
1522
1853
1626
1799
1685
67
1438
171
1059
1082
585
306
1197
1542
1416
402
1213
536
321
405
1798
1482
676
1751
1124
1575
964
1149
748
762
749
99
1492
760
886
41
1710
586
14
372
113
1011
1245
693
1681
282
1624
782
4
198
1676
1730
1829
443
1623
202
529
924
779
354
1304
1890
288
365
1179
92
1552
649
1056
758
1431
141
770
189
80
678
1723
1224
1498
1468
741
1833
1260
384
1565
1771
1504
1640
631
1104
1524
616
609
590
1625
717
982
1334
734
341
863
555
455
1251
362
1155
1105
1867
987
1795
1111
1307
1189
352
1098
187
807
390
917
482
1818
1178
227
37
460
1487
1838
801
387
74
584
1380
1675
154
572
237
899
9
1769
1234
857
1243
1494
1338
1112
1146
1854
1781
1110
1369
172
1547
1405
1252
108
409
1202
1638
1712
1212
433
672
746
1888
1699
1489
1075
560
1660
242
727
273
348
241
255
1295
1648
1721
498
411
1702
1129
1211
903
428
1076
1170
517
1282
1778
1050
494
1425
210
620
765
610
671
274
1567
1256
66
1101
1138
664
376
627
1886
793
25
318
272
62
1845
1357
1233
1484
1257
1871
1764
764
1191
377
719
909
350
709
1540
1596
483
1649
320
75
23
806
1079
1608
925
1744
475
1882
1391
1477
1005
212
412
290
90
1194
1377
1046
1859
730
162
1858
17
1816
214
1283
679
1479
489
1328
200
1571
722
1706
1095
1780
119
177
1467
633
644
287
417
1453
1356
59
595
963
379
1237
487
797
1185
1309
1381
554
158
755
1177
1336
1700
998
1617
949
1759
898
829
1322
363
980
1695
948
1740
1445
1861
369
1344
834
399
1340
535
103
803
908
1176
84
1347
827
1826
900
459
199
1668
1121
1658
1499
905
424
356
1804
1807
1272
1772
317
1725
1173
1590
1102
795
301
296
32
745
870
1464
392
166
756
1426
1802
121
1538
1822
990
864
1736
51
464
1620
34
1383
116
929
1830
1580
56
337
1569
1646
1449
481
985
1813
216
825
603
723
665
231
217
865
835
1756
1469
100
388
694
1024
140
841
1018
1009
270
1519
1180
1214
524
1058
415
1563
593
1023
959
1395
1132
1873
1846
706
670
953
1070
729
533
229
991
1365
1471
885
1647
137
708
1688
737
1044
429
576
1375
811
421
1210
614
1183
958
1413
945
1747
383
608
1657
1015
310
1821
622
329
1465
724
604
1889
1666
1787
151
1225
802
763
599
490
72
291
663
997
1520
1302
1029
1726
1240
1389
1602
1659
1332
583
61
547
634
1192
1866
1019
962
1758
890
245
1174
771
258
324
695
1864
1444
743
193
1831
1259
76
1671
904
500
721
539
248
1161
1116
946
271
720
81
442
1622
1794
472
1555
1679
1525
508
553
420
1728
410
1753
1604
126
750
1407
681
60
55
1393
623
1697
1143
132
340
502
1422
667
1591
1361
1757
697
1570
1836
1872
978
110
1090
1811
1589
1299
196
1386
1629
343
1451
276
1803
304
1204
1343
1181
129
1228
1168
307
1081
39
43
1085
1711
626
1874
1601
979
1093
1350
849
1748
230
574
267
1065
1543
969
1585
1323
42
1782
1819
1261
999
311
1200
1439
1326
1221
85
551
1628
283
1100
1686
1036
1667
13
548
1434
1364
597
879
1621
1663
453
965
239
932
435
48
1031
336
1017
1515
565
542
944
613
1134
926
530
493
880
1071
1770
934
64
1521
1163
1564
752
1466
1033
977
30
635
940
1610
438
848
1097
1743
1742
1483
511
256
957
519
1503
1559
950
920
1566
1619
1766
1796
591
1852
1607
674
322
1091
1148
1220
1460
1021
1548
222
512
1578
169
1443
93
138
344
262
1099
744
1264
1388
1865
1713
961
1718
201
527
860
1512
556
1270
54
105
1592
474
470
221
1074
175
1500
1814
1279
1145
540
1408
725
823
1242
1198
611
46
1241
897
1779
396
895
1837
735
1153
993
1792
1300
1160
1856
1857
1518
128
173
1455
1496
1250
1106
1158
278
206
1190
1633
1691
1265
832
1103
1216
1325
259
111
53
163
639
505
195
1645
1012
1841
1655
1028
759
106
